# 50 0 0
A 45 0 0
B 33 0 0
C 37 0 0
D 39 0 0
E 48 0 0
F 36 0 0
G 33 0 0
H 41 0 0
I 43 0 0
J 28 0 0
K 31 0 0
L 39 0 0
M 36 0 0
N 43 0 0
O 44 0 0
P 34 0 0
Q 28 0 0
R 42 0 0
S 42 0 0
T 46 0 0
U 37 0 0
V 32 0 0
W 35 0 0
X 29 0 0
Y 34 0 0
Z 29 0 0
- 30 11 18
- 30 25 27
- 31 28 29
- 32 30 12
- 35 23 31
- 38 3 8
- 38 17 26
- 40 32 24
- 40 14 7
- 41 4 22
- 44 33 34
- 45 5 13
- 46 35 36
- 47 37 9
- 47 19 20
- 48 10 15
- 49 38 16
- 49 2 39
- 50 40 21
- 51 41 42
- 51 6 43
- 52 44 45
- 52 46 1
- 53 47 48
- 53 49 50
- 0 51 52
